[Warning]: datasets path /home/ubuntu/code/openpi/third_party/libero/libero/libero/../datasets does not exist!
replan                  cmd_xyz   realized_d_xyz(5steps) ee_to_bowl
     0      [ 86.7  35.9 -97.4] [ 0.0294  0.0271 -0.0362]      0.326
     1      [ 77.2  30.1 -95. ] [ 0.0457  0.0366 -0.0404]      0.259
     2      [ 62.4  22.2 -85.5] [ 0.0218  0.038  -0.0554]      0.189
     3      [ 55.4  14.1 -72.4] [ 0.022   0.0324 -0.044 ]      0.130
     4      [ 48.3   7.1 -62.1] [ 0.0295  0.0331 -0.0379]      0.077
     5      [ 38.7  -0.  -53.1]   [0.0187 0.0093 0.0249]      0.100
     6      [ 34.8   1.4 -58.3]   [0.0289 0.0988 0.0652]      0.142
     7      [ 30.4  -8.3 -71.2] [-0.0077  0.0989  0.063 ]      0.186
     8      [ 36.3 -23.5 -79.6]   [0.0036 0.074  0.032 ]      0.254
     9      [ 35.7 -40.4 -88.1]   [0.0464 0.0086 0.0251]      0.282
    10      [ 22.6 -40.9 -94.4] [ 0.0633 -0.0439  0.084 ]      0.350
    11      [  6.2 -31.7 -97.4] [-0.0417  0.0053  0.088 ]      0.440
INSTRUMENT_DONE
INSTR_FINAL=0
